Lives 2
Score 55776
Time 2
Level 11
NumBalls 1
0 128 140 1 1
0 176 140 1 0
0 224 140 2 0
0 416 140 0 0
0 464 140 3 1
0 512 140 3 0
0 656 140 0 0
0 704 140 1 0
0 752 140 3 1
0 800 140 1 0
0 848 140 0 1
0 80 158 2 0
0 272 158 1 0
0 368 158 3 0
0 560 158 0 0
0 656 158 1 1
0 896 158 3 0
0 80 176 2 0
0 272 176 0 0
0 368 176 0 1
0 560 176 1 0
0 656 176 2 0
5 752 202.88 1 0
0 896 176 3 0
0 80 194 0 0
0 272 194 3 0
0 368 194 3 0
0 560 194 1 0
0 656 194 3 0
4 836.479 194 3 0 1.92
0 896 194 0 0
0 80 212 3 1
0 272 212 1 0
0 368 212 0 0
0 560 212 3 1
0 656 212 0 0
0 896 212 1 0
0 80 230 3 0
5 176 197.36 1 1
0 272 230 3 0
0 368 230 0 0
7 464 264.56 5 0 0
0 560 230 3 0
0 656 230 1 1
0 896 230 3 1
0 80 248 2 1
4 189.44 248 2 0 1.92
0 272 248 0 1
0 368 248 2 1
0 560 248 2 0
0 656 248 2 0
0 704 248 1 0
0 752 248 3 0
0 800 248 2 0
0 848 248 0 0
0 80 266 3 1
0 272 266 0 0
0 368 266 0 0
0 560 266 3 0
0 656 266 2 0
0 80 284 0 0
0 272 284 3 0
0 368 284 3 0
0 560 284 1 1
0 656 284 3 0
0 80 302 3 0
0 272 302 1 0
0 368 302 0 1
0 560 302 2 0
0 656 302 3 0
0 80 320 1 1
0 272 320 2 0
0 368 320 0 1
0 560 320 3 1
0 656 320 0 0
0 80 338 0 1
0 272 338 3 0
0 368 338 2 0
0 560 338 3 0
0 656 338 0 1
0 128 356 0 0
0 176 356 1 0
0 224 356 2 1
0 416 356 3 1
0 464 356 2 0
0 512 356 2 0
0 656 356 1 0
3 32 392 0
2 80 392 3 1 0
1 128 392 2 0 0
2 176 392 2 0 0
1 224 392 3 1 0
2 272 392 0 0 0
1 320 392 3 1 0
2 368 392 0 0 0
1 416 392 3 0 0
2 464 392 0 0 0
1 512 392 3 0 0
2 560 392 3 0 0
1 608 392 0 0 0
2 656 392 1 0 0
1 704 392 3 0 0
2 752 392 3 0 0
1 800 392 1 0 0
2 848 392 2 0 0
1 896 392 1 0 0
3 944 392 0
8 595 698.182 0 1 0 0
9 638.349 686.182 0 0 -1 0 1
